-7.99E-02
-7.99E-02
-7.99E-02
-6.00E-02
-7.99E-02
-7.99E-02
-7.99E-02
-6.00E-02
-7.99E-02
-7.99E-02
-7.99E-02
-6.00E-02
-7.99E-02
-6.00E-02
-7.99E-02
-6.00E-02
-7.99E-02
-7.99E-02
-7.99E-02
-7.99E-02
-7.99E-02
-7.99E-02
-7.99E-02
-6.00E-02
-7.99E-02
-7.99E-02
-7.99E-02
-7.99E-02
-7.99E-02
-7.99E-02
-7.99E-02
-7.99E-02
-7.99E-02
-7.99E-02
-7.99E-02
-7.99E-02
-7.99E-02
-1.00E-01
-7.99E-02
-7.99E-02
-7.99E-02
-7.99E-02
-1.00E-01
-7.99E-02
-7.99E-02
0.00E+00
6.00E-02
2.60E-01
3.00E-01
4.00E-01
4.00E-01
3.00E-01
2.60E-01
1.60E-01
1.40E-01
7.99E-02
7.99E-02
2.00E-02
2.00E-02
0.00E+00
0.00E+00
-2.00E-02
-4.00E-02
-4.00E-02
-4.00E-02
-6.00E-02
-6.00E-02
-4.00E-02
-4.00E-02
-6.00E-02
-6.00E-02
-6.00E-02
-7.99E-02
-7.99E-02
-6.00E-02
-7.99E-02
-7.99E-02
-6.00E-02
-7.99E-02
-7.99E-02
-7.99E-02
-6.00E-02
-7.99E-02
-7.99E-02
-7.99E-02
-7.99E-02
-7.99E-02
-7.99E-02
-7.99E-02
-7.99E-02
-7.99E-02
-7.99E-02
-1.00E-01
-7.99E-02
-1.00E-01
-7.99E-02
-7.99E-02
-7.99E-02
-1.00E-01
-7.99E-02
-7.99E-02
-7.99E-02
-7.99E-02
-7.99E-02
-1.00E-01
-7.99E-02
-7.99E-02
-7.99E-02
-1.00E-01
-7.99E-02
-7.99E-02
-7.99E-02
-1.00E-01
-7.99E-02
-7.99E-02
-1.00E-01
-7.99E-02
-1.00E-01
-7.99E-02
-1.00E-01
-1.00E-01
-7.99E-02
-7.99E-02
-1.00E-01
-1.00E-01
-7.99E-02
-1.00E-01
-1.00E-01
-1.00E-01
-1.00E-01
-7.99E-02
-1.20E-01
-1.00E-01
1.32E+00
1.66E+00
1.90E+00
1.96E+00
1.80E+00
1.22E+00
6.00E-02
-2.00E-02
-4.00E-02
-6.00E-02
-7.99E-02
-6.00E-02
-7.99E-02
-7.99E-02
-7.99E-02
-7.99E-02
-7.99E-02
-7.99E-02
-7.99E-02
-7.99E-02
-6.00E-02
-6.00E-02
-7.99E-02
-7.99E-02
-7.99E-02
-7.99E-02
-7.99E-02
-7.99E-02
-7.99E-02
-7.99E-02
-6.00E-02
-7.99E-02
-7.99E-02
-7.99E-02
-7.99E-02
-7.99E-02
-7.99E-02
-1.00E-01
-7.99E-02
-7.99E-02
-7.99E-02
-6.00E-02
-6.00E-02
-7.99E-02
-6.00E-02
-7.99E-02
-6.00E-02
-6.00E-02
-7.99E-02
-6.00E-02
-7.99E-02
-7.99E-02
-7.99E-02
-7.99E-02
-6.00E-02
-7.99E-02
-6.00E-02
-7.99E-02
-6.00E-02
-7.99E-02
-7.99E-02
-7.99E-02
-7.99E-02
-7.99E-02
-7.99E-02
-7.99E-02
-7.99E-02
-7.99E-02
-7.99E-02
-7.99E-02
-1.00E-01
-7.99E-02
-7.99E-02
-7.99E-02
-1.00E-01
-7.99E-02
-7.99E-02
-7.99E-02
-6.00E-02
-2.00E-02
1.80E-01
2.40E-01
3.60E-01
4.00E-01
3.40E-01
3.00E-01
2.00E-01
1.60E-01
1.00E-01
7.99E-02
4.00E-02
2.00E-02
0.00E+00
0.00E+00
-2.00E-02
-4.00E-02
-4.00E-02
-4.00E-02
-4.00E-02
-4.00E-02
-6.00E-02
-6.00E-02
-6.00E-02
-6.00E-02
-7.99E-02
-6.00E-02
-7.99E-02
-6.00E-02
-7.99E-02
-7.99E-02
-7.99E-02
-7.99E-02
-7.99E-02
-6.00E-02
-7.99E-02
-7.99E-02
-1.00E-01
-7.99E-02
-7.99E-02
-7.99E-02
-7.99E-02
-7.99E-02
-7.99E-02
-7.99E-02
-7.99E-02
-1.00E-01
-7.99E-02
-7.99E-02
-7.99E-02
-7.99E-02
-7.99E-02
-7.99E-02
-1.00E-01
-7.99E-02
-7.99E-02
-7.99E-02
-1.00E-01
-7.99E-02
-1.00E-01
-7.99E-02
-7.99E-02
-7.99E-02
-1.00E-01
-7.99E-02
-7.99E-02
-1.00E-01
-7.99E-02
-7.99E-02
-1.00E-01
-7.99E-02
-1.00E-01
-1.00E-01
-7.99E-02
-1.00E-01
-7.99E-02
-7.99E-02
-1.00E-01
-1.00E-01
-7.99E-02
-1.00E-01
-1.00E-01
-1.20E-01
-1.00E-01
-1.20E-01
-1.00E-01
-1.00E-01
4.00E-01
1.12E+00
1.86E+00
1.90E+00
1.94E+00
1.90E+00
3.00E-01
7.99E-02
-6.00E-02
-4.00E-02
-6.00E-02
-7.99E-02
-6.00E-02
-7.99E-02
-7.99E-02
-7.99E-02
-7.99E-02
-7.99E-02
-7.99E-02
-7.99E-02
-7.99E-02
-7.99E-02
-7.99E-02
-7.99E-02
-7.99E-02
-6.00E-02
-7.99E-02
-7.99E-02
-1.00E-01
-7.99E-02
-6.00E-02
-1.00E-01
-6.00E-02
-6.00E-02
-7.99E-02
-7.99E-02
-6.00E-02
-7.99E-02
-7.99E-02
-7.99E-02
-7.99E-02
-6.00E-02
-6.00E-02
-6.00E-02
-7.99E-02
-7.99E-02
-6.00E-02
-7.99E-02
-6.00E-02
-7.99E-02
-7.99E-02
-7.99E-02
-7.99E-02
-6.00E-02
-7.99E-02
-7.99E-02
-6.00E-02
-6.00E-02
-7.99E-02
-1.00E-01
-7.99E-02
-7.99E-02
-7.99E-02
-7.99E-02
-7.99E-02
-7.99E-02
-7.99E-02
-7.99E-02
-1.00E-01
-7.99E-02
-6.00E-02
-7.99E-02
-7.99E-02
-7.99E-02
-1.00E-01
-1.00E-01
-7.99E-02
-7.99E-02
-1.00E-01
-7.99E-02
7.99E-02
1.40E-01
3.00E-01
3.40E-01
4.00E-01
3.60E-01
2.40E-01
2.20E-01
1.00E-01
1.00E-01
6.00E-02
2.00E-02
4.00E-02
0.00E+00
-2.00E-02
0.00E+00
-4.00E-02
-4.00E-02
-4.00E-02
-4.00E-02
-6.00E-02
-6.00E-02
-4.00E-02
-6.00E-02
-6.00E-02
-6.00E-02
-7.99E-02
-7.99E-02
-6.00E-02
-6.00E-02
-7.99E-02
-7.99E-02
-7.99E-02
-7.99E-02
-7.99E-02
-7.99E-02
-7.99E-02
-6.00E-02
-7.99E-02
-7.99E-02
-6.00E-02
-7.99E-02
-7.99E-02
-1.00E-01
-7.99E-02
-7.99E-02
-7.99E-02
-7.99E-02
-1.00E-01
-1.00E-01
-7.99E-02
-7.99E-02
-7.99E-02
-1.00E-01
-7.99E-02
-7.99E-02
-7.99E-02
-1.00E-01
-1.00E-01
-7.99E-02
-1.00E-01
-7.99E-02
-7.99E-02
-7.99E-02
-1.00E-01
-7.99E-02
-1.00E-01
-7.99E-02
-1.00E-01
-1.00E-01
-7.99E-02
-1.00E-01
-7.99E-02
-7.99E-02
-7.99E-02
-7.99E-02
-1.00E-01
-1.00E-01
-7.99E-02
-1.00E-01
-7.99E-02
-1.00E-01
-1.20E-01
-1.20E-01
-1.00E-01
-1.00E-01
-1.20E-01
2.00E-01
1.72E+00
1.84E+00
1.94E+00
1.94E+00
1.00E+00
4.20E-01
-2.00E-02
-4.00E-02
-6.00E-02
-6.00E-02
-7.99E-02
-7.99E-02
-6.00E-02
-1.00E-01
-6.00E-02
-7.99E-02
-7.99E-02
-7.99E-02
-7.99E-02
-7.99E-02
-7.99E-02
-7.99E-02
-7.99E-02
-1.00E-01
-6.00E-02
-7.99E-02
-7.99E-02
-7.99E-02
-6.00E-02
-7.99E-02
-7.99E-02
-7.99E-02
-7.99E-02
-7.99E-02
-7.99E-02
-7.99E-02
-7.99E-02
-7.99E-02
-7.99E-02
-7.99E-02
-6.00E-02
-6.00E-02
-7.99E-02
-7.99E-02
-7.99E-02
-7.99E-02
-6.00E-02
-7.99E-02
-6.00E-02
-7.99E-02
-7.99E-02
-7.99E-02
-6.00E-02
-7.99E-02
-6.00E-02
-7.99E-02
-6.00E-02
-7.99E-02
-7.99E-02
-6.00E-02
-7.99E-02
-7.99E-02
-7.99E-02
-7.99E-02
-1.00E-01
-7.99E-02
-7.99E-02
-7.99E-02
-1.00E-01
-1.00E-01
-7.99E-02
-7.99E-02
-7.99E-02
-7.99E-02
-7.99E-02
-7.99E-02
-7.99E-02
-1.00E-01
0.00E+00
6.00E-02
2.60E-01
3.00E-01
3.80E-01
4.00E-01
3.00E-01
2.60E-01
1.60E-01
1.40E-01
6.00E-02
6.00E-02
2.00E-02
2.00E-02
0.00E+00
-2.00E-02
-4.00E-02
-4.00E-02
-4.00E-02
-4.00E-02
-6.00E-02
-4.00E-02
-4.00E-02
-6.00E-02
-4.00E-02
-6.00E-02
-7.99E-02
-6.00E-02
-7.99E-02
-6.00E-02
-7.99E-02
-7.99E-02
-6.00E-02
-7.99E-02
-7.99E-02
-7.99E-02
-7.99E-02
-6.00E-02
-7.99E-02
-7.99E-02
-7.99E-02
-7.99E-02
-6.00E-02
-7.99E-02
-7.99E-02
-1.00E-01
-7.99E-02
-7.99E-02
-1.00E-01
-7.99E-02
-7.99E-02
-7.99E-02
-1.00E-01
-7.99E-02
-7.99E-02
