-1.60E-01
-1.60E-01
-1.60E-01
-1.40E-01
-1.60E-01
5.60E-01
1.16E+00
1.70E+00
1.82E+00
2.06E+00
2.00E+00
7.00E-01
6.40E-01
3.60E-01
3.40E-01
1.40E-01
1.40E-01
6.00E-02
2.00E-02
-2.00E-02
-2.00E-02
-4.00E-02
-6.00E-02
-4.00E-02
-8.00E-02
-1.00E-01
-8.00E-02
-8.00E-02
-1.00E-01
-1.20E-01
-1.00E-01
-1.20E-01
-1.20E-01
-1.20E-01
-1.20E-01
-1.20E-01
-1.20E-01
-1.20E-01
-1.40E-01
-1.20E-01
-1.20E-01
-1.20E-01
-1.20E-01
-1.40E-01
-1.20E-01
-1.40E-01
-1.20E-01
-1.40E-01
-1.40E-01
-1.40E-01
-1.40E-01
-1.40E-01
-1.40E-01
-1.40E-01
-1.40E-01
-1.60E-01
-1.40E-01
-1.40E-01
-1.40E-01
-1.40E-01
-1.60E-01
-1.20E-01
-1.40E-01
-1.60E-01
-1.60E-01
-1.40E-01
-1.60E-01
-1.40E-01
-1.40E-01
-1.60E-01
-1.40E-01
-1.60E-01
-1.60E-01
-1.60E-01
-1.60E-01
-1.40E-01
-1.40E-01
-1.20E-01
-1.40E-01
-1.60E-01
-1.40E-01
-1.60E-01
-1.40E-01
-1.60E-01
-1.60E-01
-1.80E-01
-1.80E-01
-2.00E-01
-2.00E-01
-2.00E-01
-2.00E-01
-1.80E-01
-2.00E-01
-1.80E-01
-1.80E-01
-1.80E-01
-1.60E-01
-1.80E-01
-1.80E-01
-1.60E-01
-1.60E-01
-1.60E-01
-1.80E-01
-1.60E-01
-1.60E-01
-1.60E-01
-1.60E-01
-1.60E-01
-1.60E-01
-1.60E-01
-1.60E-01
-1.60E-01
-1.60E-01
-1.60E-01
-1.60E-01
-1.60E-01
-1.60E-01
-1.60E-01
-1.60E-01
-1.60E-01
-1.60E-01
-1.60E-01
-1.60E-01
-1.60E-01
-1.60E-01
-1.60E-01
-1.60E-01
-1.60E-01
-1.60E-01
-1.60E-01
-1.60E-01
-1.60E-01
-1.60E-01
-1.40E-01
-1.60E-01
-1.60E-01
-1.60E-01
-1.60E-01
-1.60E-01
-1.40E-01
-1.60E-01
-1.80E-01
-1.60E-01
-1.60E-01
-1.60E-01
-1.80E-01
-1.60E-01
-1.60E-01
-1.60E-01
-1.60E-01
-1.60E-01
-1.60E-01
-1.60E-01
-1.60E-01
-1.60E-01
-1.60E-01
-1.60E-01
-1.60E-01
-1.60E-01
-1.60E-01
-1.60E-01
-1.60E-01
-1.60E-01
-1.60E-01
-1.60E-01
-1.40E-01
-1.60E-01
-1.60E-01
-1.60E-01
-1.60E-01
-1.60E-01
-8.00E-02
3.20E-01
1.50E+00
1.62E+00
1.94E+00
2.06E+00
1.08E+00
7.40E-01
3.80E-01
3.40E-01
1.80E-01
1.40E-01
1.00E-01
8.00E-02
-2.00E-02
-2.00E-02
-4.00E-02
-4.00E-02
-6.00E-02
-6.00E-02
-8.00E-02
-8.00E-02
-8.00E-02
-1.00E-01
-1.20E-01
-1.20E-01
-1.20E-01
-1.20E-01
-1.20E-01
-1.20E-01
-1.20E-01
-1.20E-01
-1.20E-01
-1.20E-01
-1.40E-01
-1.20E-01
-1.40E-01
-1.40E-01
-1.20E-01
-1.20E-01
-1.40E-01
-1.20E-01
-1.40E-01
-1.20E-01
-1.60E-01
-1.40E-01
-1.40E-01
-1.60E-01
-1.40E-01
-1.40E-01
-1.60E-01
-1.40E-01
-1.60E-01
-1.40E-01
-1.60E-01
-1.40E-01
-1.60E-01
-1.40E-01
-1.60E-01
-1.40E-01
-1.40E-01
-1.40E-01
-1.40E-01
-1.40E-01
-1.60E-01
-1.60E-01
-1.40E-01
-1.20E-01
-1.60E-01
-1.60E-01
-1.40E-01
-1.40E-01
-1.60E-01
-1.60E-01
-1.40E-01
-1.40E-01
-1.60E-01
-1.40E-01
-1.60E-01
-1.60E-01
-1.40E-01
-1.80E-01
-2.00E-01
-2.00E-01
-2.00E-01
-2.00E-01
-2.00E-01
-2.00E-01
-1.80E-01
-1.80E-01
-2.00E-01
-1.80E-01
-2.00E-01
-1.80E-01
-1.80E-01
-1.60E-01
-1.80E-01
-1.60E-01
-1.60E-01
-1.80E-01
-1.60E-01
-1.60E-01
-1.60E-01
-1.80E-01
-1.60E-01
-1.60E-01
-1.60E-01
-1.60E-01
-1.60E-01
-1.60E-01
-1.60E-01
-1.60E-01
-1.60E-01
-1.60E-01
-1.60E-01
-1.80E-01
-1.60E-01
-1.60E-01
-1.60E-01
-1.60E-01
-1.60E-01
-1.60E-01
-1.60E-01
-1.60E-01
-1.60E-01
-1.60E-01
-1.60E-01
-1.60E-01
-1.60E-01
-1.40E-01
-1.80E-01
-1.60E-01
-1.80E-01
-1.60E-01
-1.60E-01
-1.60E-01
-1.60E-01
-1.60E-01
-1.60E-01
-1.60E-01
-1.60E-01
-1.60E-01
-1.60E-01
-1.60E-01
-1.60E-01
-1.60E-01
-1.60E-01
-1.60E-01
-1.60E-01
-1.60E-01
-1.60E-01
-1.60E-01
-1.60E-01
-1.60E-01
-1.60E-01
-1.60E-01
-1.60E-01
-1.60E-01
-1.60E-01
-1.60E-01
-1.60E-01
-1.60E-01
-1.40E-01
-1.60E-01
-1.60E-01
-1.60E-01
-1.60E-01
-1.20E-01
1.28E+00
1.46E+00
1.86E+00
2.08E+00
1.88E+00
1.28E+00
5.80E-01
4.60E-01
3.00E-01
1.80E-01
1.00E-01
1.00E-01
2.00E-02
-2.00E-02
-2.00E-02
-4.00E-02
-6.00E-02
-4.00E-02
-8.00E-02
-8.00E-02
-8.00E-02
-8.00E-02
-1.00E-01
-1.20E-01
-1.00E-01
-1.20E-01
-1.20E-01
-1.20E-01
-1.20E-01
-1.20E-01
-1.20E-01
-1.20E-01
-1.20E-01
-1.20E-01
-1.40E-01
-1.40E-01
-1.20E-01
-1.40E-01
-1.40E-01
-1.40E-01
-1.20E-01
-1.20E-01
-1.40E-01
-1.40E-01
-1.40E-01
-1.60E-01
-1.20E-01
-1.40E-01
-1.40E-01
-1.40E-01
-1.60E-01
-1.60E-01
-1.40E-01
-1.60E-01
-1.40E-01
-1.40E-01
-1.60E-01
-1.40E-01
-1.60E-01
-1.40E-01
-1.40E-01
-1.60E-01
-1.40E-01
-1.40E-01
-1.40E-01
-1.40E-01
-1.60E-01
-1.60E-01
-1.60E-01
-1.40E-01
-1.60E-01
-1.60E-01
-1.40E-01
-1.40E-01
-1.60E-01
-1.60E-01
-1.20E-01
-1.60E-01
-1.40E-01
-1.60E-01
-1.80E-01
-2.00E-01
-2.00E-01
-2.00E-01
-2.00E-01
-2.00E-01
-1.80E-01
-2.00E-01
-2.00E-01
-1.60E-01
-1.80E-01
-1.80E-01
-1.60E-01
-2.00E-01
-1.60E-01
-1.60E-01
-1.60E-01
-1.60E-01
-1.80E-01
-1.80E-01
-1.60E-01
-1.60E-01
-1.80E-01
-1.60E-01
-1.60E-01
-1.60E-01
-1.60E-01
-1.60E-01
-1.60E-01
-1.60E-01
-1.80E-01
-1.60E-01
-1.60E-01
-1.60E-01
-1.80E-01
-1.60E-01
-1.60E-01
-1.60E-01
-1.60E-01
-1.60E-01
-1.80E-01
-1.60E-01
-1.60E-01
-1.60E-01
-1.60E-01
-1.60E-01
-1.60E-01
-1.60E-01
-1.60E-01
-1.60E-01
-1.60E-01
-1.60E-01
-1.80E-01
-1.60E-01
-1.40E-01
-1.60E-01
-1.80E-01
-1.60E-01
-1.60E-01
-1.80E-01
-1.60E-01
-1.60E-01
-1.60E-01
-1.60E-01
-1.60E-01
-1.60E-01
-1.60E-01
-1.60E-01
-1.60E-01
-1.60E-01
-1.60E-01
-1.60E-01
-1.60E-01
-1.60E-01
-1.60E-01
-1.60E-01
-1.60E-01
-1.60E-01
-1.80E-01
-1.60E-01
-1.60E-01
-1.60E-01
-1.60E-01
-1.60E-01
-1.60E-01
-1.60E-01
5.40E-01
1.16E+00
1.68E+00
1.82E+00
2.06E+00
2.00E+00
7.20E-01
6.40E-01
3.60E-01
3.40E-01
1.40E-01
1.20E-01
6.00E-02
4.00E-02
-2.00E-02
-2.00E-02
-4.00E-02
-4.00E-02
-8.00E-02
-8.00E-02
-8.00E-02
-8.00E-02
-1.00E-01
-1.00E-01
-1.20E-01
-1.00E-01
-1.20E-01
-1.20E-01
-1.20E-01
-1.20E-01
-1.20E-01
-1.20E-01
-1.20E-01
-1.20E-01
-1.20E-01
-1.20E-01
-1.20E-01
-1.20E-01
-1.40E-01
-1.20E-01
-1.40E-01
-1.20E-01
-1.40E-01
-1.40E-01
-1.20E-01
-1.60E-01
-1.40E-01
-1.40E-01
-1.20E-01
-1.40E-01
-1.20E-01
-1.40E-01
-1.60E-01
-1.60E-01
-1.20E-01
-1.60E-01
-1.40E-01
-1.60E-01
-1.40E-01
-1.60E-01
-1.40E-01
-1.40E-01
-1.40E-01
-1.40E-01
-1.60E-01
-1.60E-01
-1.40E-01
-1.40E-01
-1.60E-01
-1.60E-01
-1.40E-01
-1.60E-01
-1.40E-01
-1.60E-01
-1.40E-01
-1.40E-01
-1.60E-01
-1.40E-01
-1.60E-01
-1.60E-01
-1.80E-01
-2.00E-01
-1.80E-01
-2.00E-01
-2.00E-01
-2.00E-01
-2.00E-01
-1.80E-01
-2.00E-01
-1.80E-01
-1.80E-01
-1.80E-01
-1.80E-01
-1.80E-01
-1.80E-01
