-6.00E-06
-5.98E-06
-5.96E-06
-5.94E-06
-5.92E-06
-5.90E-06
-5.88E-06
-5.86E-06
-5.84E-06
-5.82E-06
-5.80E-06
-5.78E-06
-5.76E-06
-5.74E-06
-5.72E-06
-5.70E-06
-5.68E-06
-5.66E-06
-5.64E-06
-5.62E-06
-5.60E-06
-5.58E-06
-5.56E-06
-5.54E-06
-5.52E-06
-5.50E-06
-5.48E-06
-5.46E-06
-5.44E-06
-5.42E-06
-5.40E-06
-5.38E-06
-5.36E-06
-5.34E-06
-5.32E-06
-5.30E-06
-5.28E-06
-5.26E-06
-5.24E-06
-5.22E-06
-5.20E-06
-5.18E-06
-5.16E-06
-5.14E-06
-5.12E-06
-5.10E-06
-5.08E-06
-5.06E-06
-5.04E-06
-5.02E-06
-5.00E-06
-4.98E-06
-4.96E-06
-4.94E-06
-4.92E-06
-4.90E-06
-4.88E-06
-4.86E-06
-4.84E-06
-4.82E-06
-4.80E-06
-4.78E-06
-4.76E-06
-4.74E-06
-4.72E-06
-4.70E-06
-4.68E-06
-4.66E-06
-4.64E-06
-4.62E-06
-4.60E-06
-4.58E-06
-4.56E-06
-4.54E-06
-4.52E-06
-4.50E-06
-4.48E-06
-4.46E-06
-4.44E-06
-4.42E-06
-4.40E-06
-4.38E-06
-4.36E-06
-4.34E-06
-4.32E-06
-4.30E-06
-4.28E-06
-4.26E-06
-4.24E-06
-4.22E-06
-4.20E-06
-4.18E-06
-4.16E-06
-4.14E-06
-4.12E-06
-4.10E-06
-4.08E-06
-4.06E-06
-4.04E-06
-4.02E-06
-4.00E-06
-3.98E-06
-3.96E-06
-3.94E-06
-3.92E-06
-3.90E-06
-3.88E-06
-3.86E-06
-3.84E-06
-3.82E-06
-3.80E-06
-3.78E-06
-3.76E-06
-3.74E-06
-3.72E-06
-3.70E-06
-3.68E-06
-3.66E-06
-3.64E-06
-3.62E-06
-3.60E-06
-3.58E-06
-3.56E-06
-3.54E-06
-3.52E-06
-3.50E-06
-3.48E-06
-3.46E-06
-3.44E-06
-3.42E-06
-3.40E-06
-3.38E-06
-3.36E-06
-3.34E-06
-3.32E-06
-3.30E-06
-3.28E-06
-3.26E-06
-3.24E-06
-3.22E-06
-3.20E-06
-3.18E-06
-3.16E-06
-3.14E-06
-3.12E-06
-3.10E-06
-3.08E-06
-3.06E-06
-3.04E-06
-3.02E-06
-3.00E-06
-2.98E-06
-2.96E-06
-2.94E-06
-2.92E-06
-2.90E-06
-2.88E-06
-2.86E-06
-2.84E-06
-2.82E-06
-2.80E-06
-2.78E-06
-2.76E-06
-2.74E-06
-2.72E-06
-2.70E-06
-2.68E-06
-2.66E-06
-2.64E-06
-2.62E-06
-2.60E-06
-2.58E-06
-2.56E-06
-2.54E-06
-2.52E-06
-2.50E-06
-2.48E-06
-2.46E-06
-2.44E-06
-2.42E-06
-2.40E-06
-2.38E-06
-2.36E-06
-2.34E-06
-2.32E-06
-2.30E-06
-2.28E-06
-2.26E-06
-2.24E-06
-2.22E-06
-2.20E-06
-2.18E-06
-2.16E-06
-2.14E-06
-2.12E-06
-2.10E-06
-2.08E-06
-2.06E-06
-2.04E-06
-2.02E-06
-2.00E-06
-1.98E-06
-1.96E-06
-1.94E-06
-1.92E-06
-1.90E-06
-1.88E-06
-1.86E-06
-1.84E-06
-1.82E-06
-1.80E-06
-1.78E-06
-1.76E-06
-1.74E-06
-1.72E-06
-1.70E-06
-1.68E-06
-1.66E-06
-1.64E-06
-1.62E-06
-1.60E-06
-1.58E-06
-1.56E-06
-1.54E-06
-1.52E-06
-1.50E-06
-1.48E-06
-1.46E-06
-1.44E-06
-1.42E-06
-1.40E-06
-1.38E-06
-1.36E-06
-1.34E-06
-1.32E-06
-1.30E-06
-1.28E-06
-1.26E-06
-1.24E-06
-1.22E-06
-1.20E-06
-1.18E-06
-1.16E-06
-1.14E-06
-1.12E-06
-1.10E-06
-1.08E-06
-1.06E-06
-1.04E-06
-1.02E-06
-1.00E-06
-9.80E-07
-9.60E-07
-9.40E-07
-9.20E-07
-9.00E-07
-8.80E-07
-8.60E-07
-8.40E-07
-8.20E-07
-8.00E-07
-7.80E-07
-7.60E-07
-7.40E-07
-7.20E-07
-7.00E-07
-6.80E-07
-6.60E-07
-6.40E-07
-6.20E-07
-6.00E-07
-5.80E-07
-5.60E-07
-5.40E-07
-5.20E-07
-5.00E-07
-4.80E-07
-4.60E-07
-4.40E-07
-4.20E-07
-4.00E-07
-3.80E-07
-3.60E-07
-3.40E-07
-3.20E-07
-3.00E-07
-2.80E-07
-2.60E-07
-2.40E-07
-2.20E-07
-2.00E-07
-1.80E-07
-1.60E-07
-1.40E-07
-1.20E-07
-1.00E-07
-8.00E-08
-6.00E-08
-4.00E-08
-2.00E-08
0.00E+00
2.00E-08
4.00E-08
6.00E-08
8.00E-08
1.00E-07
1.20E-07
1.40E-07
1.60E-07
1.80E-07
2.00E-07
2.20E-07
2.40E-07
2.60E-07
2.80E-07
3.00E-07
3.20E-07
3.40E-07
3.60E-07
3.80E-07
4.00E-07
4.20E-07
4.40E-07
4.60E-07
4.80E-07
5.00E-07
5.20E-07
5.40E-07
5.60E-07
5.80E-07
6.00E-07
6.20E-07
6.40E-07
6.60E-07
6.80E-07
7.00E-07
7.20E-07
7.40E-07
7.60E-07
7.80E-07
8.00E-07
8.20E-07
8.40E-07
8.60E-07
8.80E-07
9.00E-07
9.20E-07
9.40E-07
9.60E-07
9.80E-07
1.00E-06
1.02E-06
1.04E-06
1.06E-06
1.08E-06
1.10E-06
1.12E-06
1.14E-06
1.16E-06
1.18E-06
1.20E-06
1.22E-06
1.24E-06
1.26E-06
1.28E-06
1.30E-06
1.32E-06
1.34E-06
1.36E-06
1.38E-06
1.40E-06
1.42E-06
1.44E-06
1.46E-06
1.48E-06
1.50E-06
1.52E-06
1.54E-06
1.56E-06
1.58E-06
1.60E-06
1.62E-06
1.64E-06
1.66E-06
1.68E-06
1.70E-06
1.72E-06
1.74E-06
1.76E-06
1.78E-06
1.80E-06
1.82E-06
1.84E-06
1.86E-06
1.88E-06
1.90E-06
1.92E-06
1.94E-06
1.96E-06
1.98E-06
2.00E-06
2.02E-06
2.04E-06
2.06E-06
2.08E-06
2.10E-06
2.12E-06
2.14E-06
2.16E-06
2.18E-06
2.20E-06
2.22E-06
2.24E-06
2.26E-06
2.28E-06
2.30E-06
2.32E-06
2.34E-06
2.36E-06
2.38E-06
2.40E-06
2.42E-06
2.44E-06
2.46E-06
2.48E-06
2.50E-06
2.52E-06
2.54E-06
2.56E-06
2.58E-06
2.60E-06
2.62E-06
2.64E-06
2.66E-06
2.68E-06
2.70E-06
2.72E-06
2.74E-06
2.76E-06
2.78E-06
2.80E-06
2.82E-06
2.84E-06
2.86E-06
2.88E-06
2.90E-06
2.92E-06
2.94E-06
2.96E-06
2.98E-06
3.00E-06
3.02E-06
3.04E-06
3.06E-06
3.08E-06
3.10E-06
3.12E-06
3.14E-06
3.16E-06
3.18E-06
3.20E-06
3.22E-06
3.24E-06
3.26E-06
3.28E-06
3.30E-06
3.32E-06
3.34E-06
3.36E-06
3.38E-06
3.40E-06
3.42E-06
3.44E-06
3.46E-06
3.48E-06
3.50E-06
3.52E-06
3.54E-06
3.56E-06
3.58E-06
3.60E-06
3.62E-06
3.64E-06
3.66E-06
3.68E-06
3.70E-06
3.72E-06
3.74E-06
3.76E-06
3.78E-06
3.80E-06
3.82E-06
3.84E-06
3.86E-06
3.88E-06
3.90E-06
3.92E-06
3.94E-06
3.96E-06
3.98E-06
4.00E-06
4.02E-06
4.04E-06
4.06E-06
4.08E-06
4.10E-06
4.12E-06
4.14E-06
4.16E-06
4.18E-06
4.20E-06
4.22E-06
4.24E-06
4.26E-06
4.28E-06
4.30E-06
4.32E-06
4.34E-06
4.36E-06
4.38E-06
4.40E-06
4.42E-06
4.44E-06
4.46E-06
4.48E-06
4.50E-06
4.52E-06
4.54E-06
4.56E-06
4.58E-06
4.60E-06
4.62E-06
4.64E-06
4.66E-06
4.68E-06
4.70E-06
4.72E-06
4.74E-06
4.76E-06
4.78E-06
4.80E-06
4.82E-06
4.84E-06
4.86E-06
4.88E-06
4.90E-06
4.92E-06
4.94E-06
4.96E-06
4.98E-06
5.00E-06
5.02E-06
5.04E-06
5.06E-06
5.08E-06
5.10E-06
5.12E-06
5.14E-06
5.16E-06
5.18E-06
5.20E-06
5.22E-06
5.24E-06
5.26E-06
5.28E-06
5.30E-06
5.32E-06
5.34E-06
5.36E-06
5.38E-06
5.40E-06
5.42E-06
5.44E-06
5.46E-06
5.48E-06
5.50E-06
5.52E-06
5.54E-06
5.56E-06
5.58E-06
5.60E-06
5.62E-06
5.64E-06
5.66E-06
5.68E-06
5.70E-06
5.72E-06
5.74E-06
5.76E-06
5.78E-06
5.80E-06
5.82E-06
5.84E-06
5.86E-06
5.88E-06
5.90E-06
5.92E-06
5.94E-06
5.96E-06
5.98E-06

